B1
-35.997395833333336
-26.125520833342314
71.25052083333334
80.62447916665815
B2
-26.12447916666667
-16.250520833342318
71.25052083333334
80.62447916665815
B3
-16.24947916666667
-6.37552083332729
71.25052083333334
80.62447916665815
B4
-6.374479166666666
3.4994791666662666
71.25052083333334
80.62447916665815
B5
3.5005208333333333
13.374479166670689
71.25052083333334
80.62447916665815
B6
13.375520833333335
23.249479166662162
71.25052083333334
80.62447916665815
B7
23.25052083333333
33.124479166657686
71.25052083333334
80.62447916665815
B8
33.12552083333333
42.997395833324354
71.25052083333334
80.62447916665815
C1
-35.997395833333336
-26.125520833342314
61.87552083333333
71.24947916665815
C2
-26.12447916666667
-16.250520833342318
61.87552083333333
71.24947916665815
C3
-16.24947916666667
-6.37552083332729
61.87552083333333
71.24947916665815
C4
-6.374479166666666
3.4994791666662666
61.87552083333333
71.24947916665815
C5
3.5005208333333333
13.374479166670689
61.87552083333333
71.24947916665815
C6
13.375520833333335
23.249479166662162
61.87552083333333
71.24947916665815
C7
23.25052083333333
33.124479166657686
61.87552083333333
71.24947916665815
C8
33.12552083333333
42.997395833324354
61.87552083333333
71.24947916665815
D1
-35.997395833333336
-26.125520833342314
52.50052083333333
61.87447916665814
D2
-26.12447916666667
-16.250520833342318
52.50052083333333
61.87447916665814
D3
-16.24947916666667
-6.37552083332729
52.50052083333333
61.87447916665814
D4
-6.374479166666666
3.4994791666662666
52.50052083333333
61.87447916665814
D5
3.5005208333333333
13.374479166670689
52.50052083333333
61.87447916665814
D6
13.375520833333335
23.249479166662162
52.50052083333333
61.87447916665814
D7
23.25052083333333
33.124479166657686
52.50052083333333
61.87447916665814
D8
33.12552083333333
42.997395833324354
52.50052083333333
61.87447916665814
E1
-35.997395833333336
-26.125520833342314
43.12552083333333
52.49947916665814
E2
-26.12447916666667
-16.250520833342318
43.12552083333333
52.49947916665814
E3
-16.24947916666667
-6.37552083332729
43.12552083333333
52.49947916665814
E4
-6.374479166666666
3.4994791666662666
43.12552083333333
52.49947916665814
E5
3.5005208333333333
13.374479166670689
43.12552083333333
52.49947916665814
E6
13.375520833333335
23.249479166662162
43.12552083333333
52.49947916665814
E7
23.25052083333333
33.124479166657686
43.12552083333333
52.49947916665814
E8
33.12552083333333
42.997395833324354
43.12552083333333
52.49947916665814
F1
-35.997395833333336
-26.125520833342314
33.75052083333333
43.12447916665814
F2
-26.12447916666667
-16.250520833342318
33.75052083333333
43.12447916665814
F3
-16.24947916666667
-6.37552083332729
33.75052083333333
43.12447916665814
F4
-6.374479166666666
3.4994791666662666
33.75052083333333
43.12447916665814
F5
3.5005208333333333
13.374479166670689
33.75052083333333
43.12447916665814
F6
13.375520833333335
23.249479166662162
33.75052083333333
43.12447916665814
F7
23.25052083333333
33.124479166657686
33.75052083333333
43.12447916665814
F8
33.12552083333333
42.997395833324354
33.75052083333333
43.12447916665814
G1
-35.997395833333336
-26.125520833342314
24.37552083333333
33.74947916665814
G2
-26.12447916666667
-16.250520833342318
24.37552083333333
33.74947916665814
G3
-16.24947916666667
-6.37552083332729
24.37552083333333
33.74947916665814
G4
-6.374479166666666
3.4994791666662666
24.37552083333333
33.74947916665814
G5
3.5005208333333333
13.374479166670689
24.37552083333333
33.74947916665814
G6
13.375520833333335
23.249479166662162
24.37552083333333
33.74947916665814
G7
23.25052083333333
33.124479166657686
24.37552083333333
33.74947916665814
G8
33.12552083333333
42.997395833324354
24.37552083333333
33.74947916665814
H1
-35.997395833333336
-26.125520833342314
15.00260416666667
24.374479166659846
H2
-26.12447916666667
-16.250520833342318
15.00260416666667
24.374479166659846
H3
-16.24947916666667
-6.37552083332729
15.00260416666667
24.374479166659846
H4
-6.374479166666666
3.4994791666662666
15.00260416666667
24.374479166659846
H5
3.5005208333333333
13.374479166670689
15.00260416666667
24.374479166659846
H6
13.375520833333335
23.249479166662162
15.00260416666667
24.374479166659846
H7
23.25052083333333
33.124479166657686
15.00260416666667
24.374479166659846
H8
33.12552083333333
42.997395833324354
15.00260416666667
24.374479166659846
